// MilkShape 3D ASCII

Frames: 30
Frame: 1

Meshes: 1
"Box01" 0 0
4
1 -10.000000 0.000000 -10.000000 0.000000 0.000000 -1
1 -10.000000 -0.000000 10.000000 0.000000 1.000000 -1
1 10.000000 0.000000 -10.000000 1.000000 0.000000 -1
1 10.000000 -0.000000 10.000000 1.000000 1.000000 -1
1
0.000000 0.000000 1.000000
2
1 0 1 2 0 0 0 1
1 1 3 2 0 0 0 1

Materials: 1
"Material01"
0.200000 0.200000 0.200000 1.000000
0.800000 0.800000 0.800000 1.000000
0.000000 0.000000 0.000000 1.000000
0.000000 0.000000 0.000000 1.000000
0.000000
1.000000
".\PickPlane.bmp"
""

Bones: 0
