// MilkShape 3D ASCII

Frames: 30
Frame: 1

Meshes: 6
"top" 0 0
4
1 400.000000 356.750000 -395.709686 1.000000 1.000000 -1
1 -400.000000 356.750000 408.290314 0.000000 0.000000 -1
1 -400.000000 356.750000 -395.709686 0.000000 1.000000 -1
1 400.000000 356.750000 408.290314 1.000000 0.000000 -1
1
0.000000 -1.000000 0.000000
2
0 0 1 2 0 0 0 3
0 0 3 1 0 0 0 3
"right" 0 1
4
1 400.000000 356.750000 -395.709686 0.000000 0.000000 -1
1 400.000000 -45.250000 408.290314 1.000000 1.000000 -1
1 400.000000 356.750000 408.290314 1.000000 0.000000 -1
1 400.000000 -45.250000 -395.709686 0.000000 1.000000 -1
1
-1.000000 0.000000 0.000000
2
0 0 1 2 0 0 0 2
0 0 3 1 0 0 0 2
"front" 0 2
4
1 -400.000000 356.750000 -395.709686 0.000000 0.000000 -1
1 400.000000 -45.250000 -395.709686 1.000000 1.000000 -1
1 400.000000 356.750000 -395.709686 1.000000 0.000000 -1
1 -400.000000 -45.250000 -395.709686 0.000000 1.000000 -1
1
0.000000 0.000000 1.000000
2
0 0 1 2 0 0 0 1
0 0 3 1 0 0 0 1
"left" 0 3
4
1 -400.000000 356.750000 408.290314 0.000000 0.000000 -1
1 -400.000000 -45.250000 -395.709686 1.000000 1.000000 -1
1 -400.000000 356.750000 -395.709686 1.000000 0.000000 -1
1 -400.000000 -45.250000 408.290314 0.000000 1.000000 -1
1
1.000000 0.000000 0.000000
2
0 0 1 2 0 0 0 2
0 0 3 1 0 0 0 2
"back" 0 4
4
1 400.000000 356.750000 408.290314 0.000000 0.000000 -1
1 -400.000000 -45.250000 408.290314 1.000000 1.000000 -1
1 -400.000000 356.750000 408.290314 1.000000 0.000000 -1
1 400.000000 -45.250000 408.290314 0.000000 1.000000 -1
1
0.000000 0.000000 -1.000000
2
0 0 1 2 0 0 0 1
0 0 3 1 0 0 0 1
"Duplicate02" 0 5
4
1 400.000000 -43.249969 404.290314 1.000000 1.000000 -1
1 -400.000000 -43.250031 -399.709686 0.000000 0.000000 -1
1 -400.000000 -43.249969 404.290314 0.000000 1.000000 -1
1 400.000000 -43.250031 -399.709686 1.000000 0.000000 -1
1
0.000000 -1.000000 0.000000
2
0 0 1 2 0 0 0 3
0 0 3 1 0 0 0 3

Materials: 6
"topm"
0.200000 0.200000 0.200000 1.000000
0.800000 0.800000 0.800000 1.000000
0.000000 0.000000 0.000000 1.000000
0.000000 0.000000 0.000000 1.000000
0.000000
1.000000
".\sk.top.bmp"
""
"rightm"
0.200000 0.200000 0.200000 1.000000
0.800000 0.800000 0.800000 1.000000
0.000000 0.000000 0.000000 1.000000
0.000000 0.000000 0.000000 1.000000
0.000000
1.000000
".\sk.right.bmp"
""
"frontm"
0.200000 0.200000 0.200000 1.000000
0.800000 0.800000 0.800000 1.000000
0.000000 0.000000 0.000000 1.000000
0.000000 0.000000 0.000000 1.000000
0.000000
1.000000
".\sk.front.bmp"
""
"leftm"
0.200000 0.200000 0.200000 1.000000
0.800000 0.800000 0.800000 1.000000
0.000000 0.000000 0.000000 1.000000
0.000000 0.000000 0.000000 1.000000
0.000000
1.000000
".\sk.left.bmp"
""
"back"
0.200000 0.200000 0.200000 1.000000
0.800000 0.800000 0.800000 1.000000
0.000000 0.000000 0.000000 1.000000
0.000000 0.000000 0.000000 1.000000
0.000000
1.000000
".\sk.back.bmp"
""
"bottom"
0.200000 0.200000 0.200000 1.000000
0.800000 0.800000 0.800000 1.000000
0.000000 0.000000 0.000000 1.000000
0.000000 0.000000 0.000000 1.000000
0.000000
1.000000
".\sk.bottom.bmp"
""

Bones: 0
