// MilkShape 3D ASCII

Frames: 30
Frame: 1

Meshes: 5
"top" 1 0
4
1 100.000000 100.250000 -100.709656 1.000000 1.000000 -1
1 -100.000000 100.250000 100.290344 0.000000 0.000000 -1
1 -100.000000 100.250000 -100.709656 0.000000 1.000000 -1
1 100.000000 100.250000 100.290344 1.000000 0.000000 -1
1
0.000000 -1.000000 0.000000
2
1 0 1 2 0 0 0 3
1 0 3 1 0 0 0 3
"right" 0 1
4
0 100.000000 100.250000 -100.709656 0.000000 0.000000 -1
0 100.000000 -0.250000 100.290344 1.000000 1.000000 -1
0 100.000000 100.250000 100.290344 1.000000 0.000000 -1
0 100.000000 -0.250000 -100.709656 0.000000 1.000000 -1
1
-1.000000 0.000000 0.000000
2
0 0 1 2 0 0 0 2
0 0 3 1 0 0 0 2
"front" 0 2
4
0 -100.000000 100.250000 -100.709656 0.000000 0.000000 -1
0 100.000000 -0.250000 -100.709656 1.000000 1.000000 -1
0 100.000000 100.250000 -100.709656 1.000000 0.000000 -1
0 -100.000000 -0.250000 -100.709656 0.000000 1.000000 -1
1
0.000000 0.000000 1.000000
2
0 0 1 2 0 0 0 1
0 0 3 1 0 0 0 1
"left" 0 3
4
0 -100.000000 100.250000 100.290344 0.000000 0.000000 -1
0 -100.000000 -0.250000 -100.709656 1.000000 1.000000 -1
0 -100.000000 100.250000 -100.709656 1.000000 0.000000 -1
0 -100.000000 -0.250000 100.290344 0.000000 1.000000 -1
1
1.000000 0.000000 0.000000
2
0 0 1 2 0 0 0 2
0 0 3 1 0 0 0 2
"back" 0 4
4
0 100.000000 100.250000 100.290344 0.000000 0.000000 -1
0 -100.000000 -0.250000 100.290344 1.000000 1.000000 -1
0 -100.000000 100.250000 100.290344 1.000000 0.000000 -1
0 100.000000 -0.250000 100.290344 0.000000 1.000000 -1
1
0.000000 0.000000 -1.000000
2
0 0 1 2 0 0 0 1
0 0 3 1 0 0 0 1

Materials: 5
"topm"
0.200000 0.200000 0.200000 1.000000
0.800000 0.800000 0.800000 1.000000
0.000000 0.000000 0.000000 1.000000
0.000000 0.000000 0.000000 1.000000
0.000000
1.000000
".\sk.top.bmp"
""
"rightm"
0.200000 0.200000 0.200000 1.000000
0.800000 0.800000 0.800000 1.000000
0.000000 0.000000 0.000000 1.000000
0.000000 0.000000 0.000000 1.000000
0.000000
1.000000
".\sk.right.bmp"
""
"frontm"
0.200000 0.200000 0.200000 1.000000
0.800000 0.800000 0.800000 1.000000
0.000000 0.000000 0.000000 1.000000
0.000000 0.000000 0.000000 1.000000
0.000000
1.000000
".\sk.front.bmp"
""
"leftm"
0.200000 0.200000 0.200000 1.000000
0.800000 0.800000 0.800000 1.000000
0.000000 0.000000 0.000000 1.000000
0.000000 0.000000 0.000000 1.000000
0.000000
1.000000
".\sk.left.bmp"
""
"back"
0.200000 0.200000 0.200000 1.000000
0.800000 0.800000 0.800000 1.000000
0.000000 0.000000 0.000000 1.000000
0.000000 0.000000 0.000000 1.000000
0.000000
1.000000
".\sk.back.bmp"
""

Bones: 0
