// MilkShape 3D ASCII

Frames: 30
Frame: 1

Meshes: 1
"uvn_vectors" 0 0
162
0 5.009708 0.209306 0.206773 0.766508 0.008337 -1
0 5.009708 -0.210694 0.206773 0.766508 0.040764 -1
0 7.972723 0.209306 0.206773 0.986979 0.008337 -1
0 7.972723 -0.210694 0.206773 0.986979 0.040764 -1
0 7.972723 0.209306 0.206773 0.766508 0.008337 -1
0 7.972723 -0.210694 0.206773 0.766508 0.040764 -1
0 7.972723 0.209306 -0.213227 0.986979 0.008337 -1
0 7.972723 -0.210694 -0.213227 0.986979 0.040764 -1
0 7.972723 0.209306 -0.213227 0.766508 0.008337 -1
0 7.972723 -0.210694 -0.213227 0.766508 0.040764 -1
0 5.009708 0.209306 -0.213227 0.986979 0.008337 -1
0 5.009708 -0.210694 -0.213227 0.986979 0.040764 -1
0 5.009708 0.209306 -0.213227 0.766508 0.008337 -1
0 5.009708 -0.210694 -0.213227 0.766508 0.040764 -1
0 5.009708 0.209306 0.206773 0.986979 0.008337 -1
0 5.009708 -0.210694 0.206773 0.986979 0.040764 -1
0 5.009708 0.209306 0.206773 0.766508 0.040764 -1
0 7.972723 0.209306 0.206773 0.986979 0.040764 -1
0 5.009708 -0.210694 0.206773 0.766508 0.008337 -1
0 7.972723 -0.210694 0.206773 0.986979 0.008337 -1
0 7.980582 0.797222 0.796913 0.945522 0.013329 -1
0 7.980582 -0.777778 0.796913 0.945522 0.039862 -1
0 9.980582 0.000000 -0.001389 0.986479 0.013329 -1
0 9.980582 0.000000 -0.001389 0.986479 0.039862 -1
0 9.980582 0.000000 -0.001389 0.945522 0.013329 -1
0 9.980582 0.000000 -0.001389 0.945522 0.039862 -1
0 7.980582 0.797222 -0.778087 0.986479 0.013329 -1
0 7.980582 -0.777778 -0.778087 0.986479 0.039862 -1
0 7.980582 0.797222 -0.778087 0.945522 0.013329 -1
0 7.980582 -0.777778 -0.778087 0.945522 0.039862 -1
0 7.980582 0.797222 0.796913 0.986479 0.013329 -1
0 7.980582 -0.777778 0.796913 0.986479 0.039862 -1
0 7.980582 0.797222 0.796913 0.945522 0.039862 -1
0 7.980582 -0.777778 0.796913 0.945522 0.013329 -1
0 0.211095 0.233115 -5.002165 0.758695 0.141149 -1
0 0.211095 -0.186885 -5.002165 0.758695 0.173577 -1
0 0.211095 0.209306 -7.965183 0.979167 0.141149 -1
0 0.211095 -0.210694 -7.965183 0.979167 0.173577 -1
0 0.211095 0.209306 -7.965183 0.758695 0.141149 -1
0 0.211095 -0.210694 -7.965183 0.758695 0.173577 -1
0 -0.208905 0.209306 -7.965183 0.979167 0.141149 -1
0 -0.208905 -0.210694 -7.965183 0.979167 0.173577 -1
0 -0.208905 0.209306 -7.965183 0.758695 0.141149 -1
0 -0.208905 -0.210694 -7.965183 0.758695 0.173577 -1
0 -0.208905 0.233115 -5.002165 0.979167 0.141149 -1
0 -0.208905 -0.186885 -5.002165 0.979167 0.173577 -1
0 -0.208905 0.233115 -5.002165 0.758695 0.141149 -1
0 -0.208905 -0.186885 -5.002165 0.758695 0.173577 -1
0 0.211095 0.233115 -5.002165 0.979167 0.141149 -1
0 0.211095 -0.186885 -5.002165 0.979167 0.173577 -1
0 0.211095 0.233115 -5.002165 0.758695 0.173577 -1
0 0.211095 0.209306 -7.965183 0.979167 0.173577 -1
0 0.211095 -0.186885 -5.002165 0.758695 0.141149 -1
0 0.211095 -0.210694 -7.965183 0.979167 0.141149 -1
1 0.800417 0.797222 -7.973041 0.937710 0.146141 -1
1 0.800417 -0.777778 -7.973041 0.937710 0.172675 -1
0 0.000997 0.000000 -9.973040 0.978666 0.146141 -1
0 0.000997 0.000000 -9.973040 0.978666 0.172675 -1
0 0.000997 0.000000 -9.973040 0.937710 0.146141 -1
0 0.000997 0.000000 -9.973040 0.937710 0.172675 -1
1 -0.774583 0.797222 -7.973041 0.978666 0.146141 -1
1 -0.774583 -0.777778 -7.973041 0.978666 0.172675 -1
1 -0.774583 0.797222 -7.973041 0.937710 0.146141 -1
1 -0.774583 -0.777778 -7.973041 0.937710 0.172675 -1
1 0.800417 0.797222 -7.973041 0.978666 0.146141 -1
1 0.800417 -0.777778 -7.973041 0.978666 0.172675 -1
1 0.800417 0.797222 -7.973041 0.937710 0.172675 -1
1 0.800417 -0.777778 -7.973041 0.937710 0.146141 -1
0 -0.218724 4.984499 0.204638 0.762602 0.074743 -1
0 0.201276 4.984499 0.204638 0.762602 0.107170 -1
0 -0.218724 7.969254 0.204638 0.983073 0.074743 -1
0 0.201276 7.969254 0.204638 0.983073 0.107170 -1
0 -0.218724 7.969254 0.204638 0.762602 0.074743 -1
0 0.201276 7.969254 0.204638 0.762602 0.107170 -1
0 -0.218724 7.969254 -0.215362 0.983073 0.074743 -1
0 0.201276 7.969254 -0.215362 0.983073 0.107170 -1
0 -0.218724 7.969254 -0.215362 0.762602 0.074743 -1
0 0.201276 7.969254 -0.215362 0.762602 0.107170 -1
0 -0.218724 4.984499 -0.215362 0.983073 0.074743 -1
0 0.201276 4.984499 -0.215362 0.983073 0.107170 -1
0 -0.218724 4.984499 -0.215362 0.762602 0.074743 -1
0 0.201276 4.984499 -0.215362 0.762602 0.107170 -1
0 -0.218724 4.984499 0.204638 0.983073 0.074743 -1
0 0.201276 4.984499 0.204638 0.983073 0.107170 -1
0 -0.218724 4.984499 0.204638 0.762602 0.107170 -1
0 -0.218724 7.969254 0.204638 0.983073 0.107170 -1
0 0.201276 4.984499 0.204638 0.762602 0.074743 -1
0 0.201276 7.969254 0.204638 0.983073 0.074743 -1
0 -0.806640 7.977112 0.795680 0.941616 0.079735 -1
0 0.768360 7.977112 0.795680 0.941616 0.106268 -1
0 -0.009417 9.977116 -0.001389 0.982573 0.079735 -1
0 -0.009417 9.977116 -0.001389 0.982573 0.106268 -1
0 -0.009417 9.977116 -0.001389 0.941616 0.079735 -1
0 -0.009417 9.977116 -0.001389 0.941616 0.106268 -1
0 -0.806640 7.977112 -0.779320 0.982573 0.079735 -1
0 0.768360 7.977112 -0.779320 0.982573 0.106268 -1
0 -0.806640 7.977112 -0.779320 0.941616 0.079735 -1
0 0.768360 7.977112 -0.779320 0.941616 0.106268 -1
0 -0.806640 7.977112 0.795680 0.982573 0.079735 -1
0 0.768360 7.977112 0.795680 0.982573 0.106268 -1
0 -0.806640 7.977112 0.795680 0.941616 0.106268 -1
0 0.768360 7.977112 0.795680 0.941616 0.079735 -1
0 -5.009704 0.209306 -0.221047 0.766508 0.008337 -1
0 -5.009704 -0.210694 -0.221047 0.766508 0.040764 -1
0 -10.012197 0.209306 -0.221047 0.986979 0.008337 -1
0 -10.012197 -0.210694 -0.221047 0.986979 0.040764 -1
0 -10.012197 0.209306 -0.221047 0.766508 0.008337 -1
0 -10.012197 -0.210694 -0.221047 0.766508 0.040764 -1
0 -10.012197 0.209306 0.198953 0.986979 0.008337 -1
0 -10.012197 -0.210694 0.198953 0.986979 0.040764 -1
0 -10.012197 0.209306 0.198953 0.766508 0.008337 -1
0 -10.012197 -0.210694 0.198953 0.766508 0.040764 -1
0 -5.009704 0.209306 0.198953 0.986979 0.008337 -1
0 -5.009704 -0.210694 0.198953 0.986979 0.040764 -1
0 -5.009704 0.209306 0.198953 0.766508 0.008337 -1
0 -5.009704 -0.210694 0.198953 0.766508 0.040764 -1
0 -5.009704 0.209306 -0.221047 0.986979 0.008337 -1
0 -5.009704 -0.210694 -0.221047 0.986979 0.040764 -1
0 -5.009704 0.209306 -0.221047 0.766508 0.040764 -1
0 -10.012197 0.209306 -0.221047 0.986979 0.040764 -1
0 -5.009704 -0.210694 -0.221047 0.766508 0.008337 -1
0 -10.012197 -0.210694 -0.221047 0.986979 0.008337 -1
0 -0.226746 0.233115 5.002166 0.758695 0.141149 -1
0 -0.226746 -0.186885 5.002166 0.758695 0.173577 -1
0 -0.226746 0.209306 10.009626 0.979167 0.141149 -1
0 -0.226746 -0.210694 10.009626 0.979167 0.173577 -1
0 -0.226746 0.209306 10.009626 0.758695 0.141149 -1
0 -0.226746 -0.210694 10.009626 0.758695 0.173577 -1
0 0.193254 0.209306 10.009626 0.979167 0.141149 -1
0 0.193254 -0.210694 10.009626 0.979167 0.173577 -1
0 0.193254 0.209306 10.009626 0.758695 0.141149 -1
0 0.193254 -0.210694 10.009626 0.758695 0.173577 -1
0 0.193254 0.233115 5.002166 0.979167 0.141149 -1
0 0.193254 -0.186885 5.002166 0.979167 0.173577 -1
0 0.193254 0.233115 5.002166 0.758695 0.141149 -1
0 0.193254 -0.186885 5.002166 0.758695 0.173577 -1
0 -0.226746 0.233115 5.002166 0.979167 0.141149 -1
0 -0.226746 -0.186885 5.002166 0.979167 0.173577 -1
0 -0.226746 0.233115 5.002166 0.758695 0.173577 -1
0 -0.226746 0.209306 10.009626 0.979167 0.173577 -1
0 -0.226746 -0.186885 5.002166 0.758695 0.141149 -1
0 -0.226746 -0.210694 10.009626 0.979167 0.141149 -1
0 -0.218724 -5.010815 -0.223182 0.762602 0.074743 -1
0 0.201276 -5.010815 -0.223182 0.762602 0.107170 -1
0 -0.218724 -10.000834 -0.201077 0.983073 0.074743 -1
0 0.201276 -10.000834 -0.201077 0.983073 0.107170 -1
0 -0.218724 -10.000834 -0.201077 0.762602 0.074743 -1
0 0.201276 -10.000834 -0.201077 0.762602 0.107170 -1
0 -0.218724 -10.000834 0.218923 0.983073 0.074743 -1
0 0.201276 -10.000834 0.218923 0.983073 0.107170 -1
0 -0.218724 -10.000834 0.218923 0.762602 0.074743 -1
0 0.201276 -10.000834 0.218923 0.762602 0.107170 -1
0 -0.218724 -5.010815 0.196818 0.983073 0.074743 -1
0 0.201276 -5.010815 0.196818 0.983073 0.107170 -1
0 -0.218724 -5.010815 0.196818 0.762602 0.074743 -1
0 0.201276 -5.010815 0.196818 0.762602 0.107170 -1
0 -0.218724 -5.010815 -0.223182 0.983073 0.074743 -1
0 0.201276 -5.010815 -0.223182 0.983073 0.107170 -1
0 -0.218724 -5.010815 -0.223182 0.762602 0.107170 -1
0 -0.218724 -10.000834 -0.201077 0.983073 0.107170 -1
0 0.201276 -5.010815 -0.223182 0.762602 0.074743 -1
0 0.201276 -10.000834 -0.201077 0.983073 0.074743 -1
6
0.000000 0.000000 1.000000
1.000000 0.000000 0.000000
0.000000 0.000000 -1.000000
-1.000000 0.000000 0.000000
0.000000 1.000000 0.000000
0.000000 -1.000000 0.000000
108
0 0 1 2 0 0 0 1
0 1 3 2 0 0 0 1
0 4 5 6 1 1 1 2
0 5 7 6 1 1 1 2
0 8 9 10 2 2 2 1
0 9 11 10 2 2 2 1
0 12 13 14 3 3 3 2
0 13 15 14 3 3 3 2
0 12 16 6 4 4 4 3
0 16 17 6 4 4 4 3
0 18 13 19 5 5 5 3
0 13 7 19 5 5 5 3
0 20 21 22 0 0 0 1
0 21 23 22 0 0 0 1
0 24 25 22 1 1 1 2
0 25 23 22 1 1 1 2
0 24 25 26 2 2 2 1
0 25 27 26 2 2 2 1
0 28 29 30 3 3 3 2
0 29 31 30 3 3 3 2
0 28 32 22 4 4 4 3
0 32 23 22 4 4 4 3
0 33 29 22 5 5 5 3
0 29 23 22 5 5 5 3
0 34 35 36 0 0 0 1
0 35 37 36 0 0 0 1
0 38 39 40 1 1 1 2
0 39 41 40 1 1 1 2
0 42 43 44 2 2 2 1
0 43 45 44 2 2 2 1
0 46 47 48 3 3 3 2
0 47 49 48 3 3 3 2
0 46 50 40 4 4 4 3
0 50 51 40 4 4 4 3
0 52 47 53 5 5 5 3
0 47 41 53 5 5 5 3
0 54 55 56 0 0 0 1
0 55 57 56 0 0 0 1
0 58 59 56 1 1 1 2
0 59 57 56 1 1 1 2
0 58 59 60 2 2 2 1
0 59 61 60 2 2 2 1
0 62 63 64 3 3 3 2
0 63 65 64 3 3 3 2
0 62 66 56 4 4 4 3
0 66 57 56 4 4 4 3
0 67 63 56 5 5 5 3
0 63 57 56 5 5 5 3
0 68 69 70 0 0 0 1
0 69 71 70 0 0 0 1
0 72 73 74 1 1 1 2
0 73 75 74 1 1 1 2
0 76 77 78 2 2 2 1
0 77 79 78 2 2 2 1
0 80 81 82 3 3 3 2
0 81 83 82 3 3 3 2
0 80 84 74 4 4 4 3
0 84 85 74 4 4 4 3
0 86 81 87 5 5 5 3
0 81 75 87 5 5 5 3
0 88 89 90 0 0 0 1
0 89 91 90 0 0 0 1
0 92 93 90 1 1 1 2
0 93 91 90 1 1 1 2
0 92 93 94 2 2 2 1
0 93 95 94 2 2 2 1
0 96 97 98 3 3 3 2
0 97 99 98 3 3 3 2
0 96 100 90 4 4 4 3
0 100 91 90 4 4 4 3
0 101 97 90 5 5 5 3
0 97 91 90 5 5 5 3
0 102 103 104 0 0 0 1
0 103 105 104 0 0 0 1
0 106 107 108 1 1 1 2
0 107 109 108 1 1 1 2
0 110 111 112 2 2 2 1
0 111 113 112 2 2 2 1
0 114 115 116 3 3 3 2
0 115 117 116 3 3 3 2
0 114 118 108 4 4 4 3
0 118 119 108 4 4 4 3
0 120 115 121 5 5 5 3
0 115 109 121 5 5 5 3
0 122 123 124 0 0 0 1
0 123 125 124 0 0 0 1
0 126 127 128 1 1 1 2
0 127 129 128 1 1 1 2
0 130 131 132 2 2 2 1
0 131 133 132 2 2 2 1
0 134 135 136 3 3 3 2
0 135 137 136 3 3 3 2
0 134 138 128 4 4 4 3
0 138 139 128 4 4 4 3
0 140 135 141 5 5 5 3
0 135 129 141 5 5 5 3
0 142 143 144 0 0 0 1
0 143 145 144 0 0 0 1
0 146 147 148 1 1 1 2
0 147 149 148 1 1 1 2
0 150 151 152 2 2 2 1
0 151 153 152 2 2 2 1
0 154 155 156 3 3 3 2
0 155 157 156 3 3 3 2
0 154 158 148 4 4 4 3
0 158 159 148 4 4 4 3
0 160 155 161 5 5 5 3
0 155 149 161 5 5 5 3

Materials: 1
"Material01"
0.200000 0.200000 0.200000 1.000000
0.800000 0.800000 0.800000 1.000000
0.000000 0.000000 0.000000 1.000000
0.000000 0.000000 0.000000 1.000000
0.000000
1.000000
".\axis.bmp"
""

Bones: 0
