// MilkShape 3D ASCII

Frames: 30
Frame: 1

Meshes: 1
"uvn_vectors" 0 0
34
0 0.536538 -0.539129 -0.014105 0.746976 0.402868 -1
0 0.536538 0.517939 -0.014105 0.746976 0.435296 -1
0 0.536538 -0.547509 7.981466 0.967448 0.402868 -1
0 0.536538 0.509556 7.981468 0.967448 0.435296 -1
0 0.536538 -0.547509 7.981466 0.746976 0.402868 -1
0 0.536538 0.509556 7.981468 0.746976 0.435296 -1
1 -0.514643 -0.537657 7.981466 0.967448 0.402868 -1
0 -0.514643 0.509556 7.981468 0.967448 0.435296 -1
1 -0.514643 -0.537657 7.981466 0.746976 0.402868 -1
0 -0.514643 0.509556 7.981468 0.746976 0.435296 -1
1 -0.514643 -0.529276 -0.014105 0.967448 0.402868 -1
0 -0.514643 0.517939 -0.014105 0.967448 0.435296 -1
1 -0.514643 -0.529276 -0.014105 0.746976 0.402868 -1
0 -0.514643 0.517939 -0.014105 0.746976 0.435296 -1
0 0.536538 -0.539129 -0.014105 0.967448 0.402868 -1
0 0.536538 0.517939 -0.014105 0.967448 0.435296 -1
0 0.536538 -0.539129 -0.014105 0.746976 0.435296 -1
0 0.536538 -0.547509 7.981466 0.967448 0.435296 -1
0 0.536538 0.517939 -0.014105 0.746976 0.402868 -1
0 0.536538 0.509556 7.981468 0.967448 0.402868 -1
0 0.537917 -0.534721 7.973053 0.925991 0.407860 -1
0 0.537917 0.515280 7.973052 0.925991 0.434394 -1
0 0.000997 0.000003 9.973051 0.966947 0.407860 -1
0 0.000997 0.000003 9.973051 0.966947 0.434394 -1
0 0.000997 0.000003 9.973051 0.925991 0.407860 -1
0 0.000997 0.000003 9.973051 0.925991 0.434394 -1
0 -0.512083 -0.534721 7.973053 0.966947 0.407860 -1
0 -0.512083 0.515280 7.973052 0.966947 0.434394 -1
0 -0.512083 -0.534721 7.973053 0.925991 0.407860 -1
0 -0.512083 0.515280 7.973052 0.925991 0.434394 -1
0 0.537917 -0.534721 7.973053 0.966947 0.407860 -1
0 0.537917 0.515280 7.973052 0.966947 0.434394 -1
0 0.537917 -0.534721 7.973053 0.925991 0.434394 -1
0 0.537917 0.515280 7.973052 0.925991 0.407860 -1
6
0.000000 0.000000 1.000000
1.000000 0.000000 0.000000
0.000000 0.000000 -1.000000
-1.000000 0.000000 0.000000
0.000000 1.000000 0.000000
0.000000 -1.000000 0.000000
24
0 0 1 2 0 0 0 1
0 1 3 2 0 0 0 1
0 4 5 6 1 1 1 2
0 5 7 6 1 1 1 2
0 8 9 10 2 2 2 1
0 9 11 10 2 2 2 1
0 12 13 14 3 3 3 2
0 13 15 14 3 3 3 2
0 12 16 6 4 4 4 3
0 16 17 6 4 4 4 3
0 18 13 19 5 5 5 3
0 13 7 19 5 5 5 3
0 20 21 22 0 0 0 1
0 21 23 22 0 0 0 1
0 24 25 22 1 1 1 2
0 25 23 22 1 1 1 2
0 24 25 26 2 2 2 1
0 25 27 26 2 2 2 1
0 28 29 30 3 3 3 2
0 29 31 30 3 3 3 2
0 28 32 22 4 4 4 3
0 32 23 22 4 4 4 3
0 33 29 22 5 5 5 3
0 29 23 22 5 5 5 3

Materials: 1
"Material01"
0.200000 0.200000 0.200000 1.000000
0.800000 0.800000 0.800000 1.000000
0.000000 0.000000 0.000000 1.000000
0.000000 0.000000 0.000000 1.000000
0.000000
1.000000
".\axis.bmp"
""

Bones: 0
