// MilkShape 3D ASCII

Frames: 30
Frame: 1

Meshes: 1
"xyz" 1 0
108
1 -4.891223 0.097236 0.101862 0.172067 0.008792 -1
1 -4.891223 -0.102764 0.101862 0.172067 0.046285 -1
1 4.020408 0.100000 0.101862 0.972125 0.008792 -1
1 4.020408 -0.100000 0.101862 0.972125 0.046285 -1
1 4.020408 0.100000 0.101862 0.172067 0.008792 -1
1 4.020408 -0.100000 0.101862 0.172067 0.046285 -1
1 4.020408 0.100000 -0.098138 0.972125 0.008792 -1
1 4.020408 -0.100000 -0.098138 0.972125 0.046285 -1
1 -4.891223 0.097236 -0.098138 0.172067 0.008792 -1
1 -4.891223 -0.102764 -0.098138 0.172067 0.046285 -1
1 -4.891223 0.097236 0.101862 0.972125 0.008792 -1
1 -4.891223 -0.102764 0.101862 0.972125 0.046285 -1
1 -4.891223 0.097236 0.101862 0.172067 0.046285 -1
1 4.020408 0.100000 0.101862 0.972125 0.046285 -1
1 -4.891223 -0.102764 0.101862 0.172067 0.008792 -1
1 4.020408 -0.100000 0.101862 0.972125 0.008792 -1
1 4.010884 0.253806 0.250202 0.909423 0.001967 -1
1 4.010884 -0.246194 0.250202 0.909423 0.052791 -1
1 4.930885 0.100000 0.101862 0.990321 0.001967 -1
1 4.930885 -0.100000 0.101862 0.990321 0.052791 -1
1 4.930885 0.100000 0.101862 0.909423 0.001967 -1
1 4.930885 -0.100000 0.101862 0.909423 0.052791 -1
1 4.930885 0.100000 -0.098138 0.990321 0.001967 -1
1 4.930885 -0.100000 -0.098138 0.990321 0.052791 -1
1 4.930885 0.100000 -0.098138 0.909423 0.001967 -1
1 4.930885 -0.100000 -0.098138 0.909423 0.052791 -1
1 4.010884 0.253806 -0.249798 0.990321 0.001967 -1
1 4.010884 -0.246194 -0.249798 0.990321 0.052791 -1
1 4.010884 0.253806 -0.249798 0.909423 0.001967 -1
1 4.010884 -0.246194 -0.249798 0.909423 0.052791 -1
1 4.010884 0.253806 0.250202 0.990321 0.001967 -1
1 4.010884 -0.246194 0.250202 0.990321 0.052791 -1
1 4.010884 0.253806 0.250202 0.909423 0.052791 -1
1 4.930885 0.100000 0.101862 0.990321 0.052791 -1
1 4.010884 -0.246194 0.250202 0.909423 0.001967 -1
1 4.930885 -0.100000 0.101862 0.990321 0.001967 -1
1 -0.104747 -4.865861 0.101862 0.172067 0.075198 -1
1 0.095253 -4.865861 0.101862 0.172067 0.112691 -1
1 -0.090562 4.004573 0.101862 0.972125 0.075198 -1
1 0.109438 4.004573 0.101862 0.972125 0.112691 -1
1 -0.090562 4.004573 0.101862 0.172067 0.075198 -1
1 0.109438 4.004573 0.101862 0.172067 0.112691 -1
1 -0.090562 4.004573 -0.098138 0.972125 0.075198 -1
1 0.109438 4.004573 -0.098138 0.972125 0.112691 -1
1 -0.104747 -4.865861 -0.098138 0.172067 0.075198 -1
1 0.095253 -4.865861 -0.098138 0.172067 0.112691 -1
1 -0.104747 -4.865861 0.101862 0.972125 0.075198 -1
1 0.095253 -4.865861 0.101862 0.972125 0.112691 -1
1 -0.104747 -4.865861 0.101862 0.172067 0.112691 -1
1 -0.090562 4.004573 0.101862 0.972125 0.112691 -1
1 0.095253 -4.865861 0.101862 0.172067 0.075198 -1
1 0.109438 4.004573 0.101862 0.972125 0.075198 -1
1 -0.244368 3.995049 0.250202 0.909423 0.068373 -1
1 0.255632 3.995049 0.250202 0.909423 0.119197 -1
1 -0.090562 4.915051 0.101862 0.990321 0.068373 -1
1 0.109438 4.915051 0.101862 0.990321 0.119197 -1
1 -0.090562 4.915051 0.101862 0.909423 0.068373 -1
1 0.109438 4.915051 0.101862 0.909423 0.119197 -1
1 -0.090562 4.915051 -0.098138 0.990321 0.068373 -1
1 0.109438 4.915051 -0.098138 0.990321 0.119197 -1
1 -0.090562 4.915051 -0.098138 0.909423 0.068373 -1
1 0.109438 4.915051 -0.098138 0.909423 0.119197 -1
1 -0.244368 3.995049 -0.249798 0.990321 0.068373 -1
1 0.255632 3.995049 -0.249798 0.990321 0.119197 -1
1 -0.244368 3.995049 -0.249798 0.909423 0.068373 -1
1 0.255632 3.995049 -0.249798 0.909423 0.119197 -1
1 -0.244368 3.995049 0.250202 0.990321 0.068373 -1
1 0.255632 3.995049 0.250202 0.990321 0.119197 -1
1 -0.244368 3.995049 0.250202 0.909423 0.119197 -1
1 -0.090562 4.915051 0.101862 0.990321 0.119197 -1
1 0.255632 3.995049 0.250202 0.909423 0.068373 -1
1 0.109438 4.915051 0.101862 0.990321 0.068373 -1
1 -0.104747 0.093377 4.852733 0.172067 0.141604 -1
1 0.095253 0.093377 4.852733 0.172067 0.179098 -1
1 -0.107511 0.093377 -4.000843 0.972125 0.141604 -1
1 0.092489 0.093377 -4.000843 0.972125 0.179098 -1
1 -0.107511 0.093377 -4.000843 0.172067 0.141604 -1
1 0.092489 0.093377 -4.000843 0.172067 0.179098 -1
1 -0.107511 -0.106623 -4.000843 0.972125 0.141604 -1
1 0.092489 -0.106623 -4.000843 0.972125 0.179098 -1
1 -0.104747 -0.106623 4.852733 0.172067 0.141604 -1
1 0.095253 -0.106623 4.852733 0.172067 0.179098 -1
1 -0.104747 0.093377 4.852733 0.972125 0.141604 -1
1 0.095253 0.093377 4.852733 0.972125 0.179098 -1
1 -0.104747 0.093377 4.852733 0.172067 0.179098 -1
1 -0.107511 0.093377 -4.000843 0.972125 0.179098 -1
1 0.095253 0.093377 4.852733 0.172067 0.141604 -1
1 0.092489 0.093377 -4.000843 0.972125 0.141604 -1
1 -0.261317 0.241716 -3.991319 0.909423 0.134779 -1
1 0.238683 0.241716 -3.991319 0.909423 0.185603 -1
1 -0.107511 0.093377 -4.911323 0.990321 0.134779 -1
1 0.092489 0.093377 -4.911323 0.990321 0.185603 -1
1 -0.107511 0.093377 -4.911323 0.909423 0.134779 -1
1 0.092489 0.093377 -4.911323 0.909423 0.185603 -1
1 -0.107511 -0.106623 -4.911323 0.990321 0.134779 -1
1 0.092489 -0.106623 -4.911323 0.990321 0.185603 -1
1 -0.107511 -0.106623 -4.911323 0.909423 0.134779 -1
1 0.092489 -0.106623 -4.911323 0.909423 0.185603 -1
1 -0.261317 -0.258283 -3.991319 0.990321 0.134779 -1
1 0.238683 -0.258283 -3.991319 0.990321 0.185603 -1
1 -0.261317 -0.258283 -3.991319 0.909423 0.134779 -1
1 0.238683 -0.258283 -3.991319 0.909423 0.185603 -1
1 -0.261317 0.241716 -3.991319 0.990321 0.134779 -1
1 0.238683 0.241716 -3.991319 0.990321 0.185603 -1
1 -0.261317 0.241716 -3.991319 0.909423 0.185603 -1
1 -0.107511 0.093377 -4.911323 0.990321 0.185603 -1
1 0.238683 0.241716 -3.991319 0.909423 0.134779 -1
1 0.092489 0.093377 -4.911323 0.990321 0.134779 -1
6
0.000000 0.000000 1.000000
1.000000 0.000000 0.000000
0.000000 0.000000 -1.000000
-1.000000 0.000000 0.000000
0.000000 1.000000 0.000000
0.000000 -1.000000 0.000000
72
1 0 1 2 0 0 0 1
1 1 3 2 0 0 0 1
1 4 5 6 1 1 1 2
1 5 7 6 1 1 1 2
1 6 7 8 2 2 2 1
1 7 9 8 2 2 2 1
1 8 9 10 3 3 3 2
1 9 11 10 3 3 3 2
1 8 12 6 4 4 4 3
1 12 13 6 4 4 4 3
1 14 9 15 5 5 5 3
1 9 7 15 5 5 5 3
1 16 17 18 0 0 0 1
1 17 19 18 0 0 0 1
1 20 21 22 1 1 1 2
1 21 23 22 1 1 1 2
1 24 25 26 2 2 2 1
1 25 27 26 2 2 2 1
1 28 29 30 3 3 3 2
1 29 31 30 3 3 3 2
1 28 32 22 4 4 4 3
1 32 33 22 4 4 4 3
1 34 29 35 5 5 5 3
1 29 23 35 5 5 5 3
1 36 37 38 0 0 0 1
1 37 39 38 0 0 0 1
1 40 41 42 1 1 1 2
1 41 43 42 1 1 1 2
1 42 43 44 2 2 2 1
1 43 45 44 2 2 2 1
1 44 45 46 3 3 3 2
1 45 47 46 3 3 3 2
1 44 48 42 4 4 4 3
1 48 49 42 4 4 4 3
1 50 45 51 5 5 5 3
1 45 43 51 5 5 5 3
1 52 53 54 0 0 0 1
1 53 55 54 0 0 0 1
1 56 57 58 1 1 1 2
1 57 59 58 1 1 1 2
1 60 61 62 2 2 2 1
1 61 63 62 2 2 2 1
1 64 65 66 3 3 3 2
1 65 67 66 3 3 3 2
1 64 68 58 4 4 4 3
1 68 69 58 4 4 4 3
1 70 65 71 5 5 5 3
1 65 59 71 5 5 5 3
1 72 73 74 0 0 0 1
1 73 75 74 0 0 0 1
1 76 77 78 1 1 1 2
1 77 79 78 1 1 1 2
1 78 79 80 2 2 2 1
1 79 81 80 2 2 2 1
1 80 81 82 3 3 3 2
1 81 83 82 3 3 3 2
1 80 84 78 4 4 4 3
1 84 85 78 4 4 4 3
1 86 81 87 5 5 5 3
1 81 79 87 5 5 5 3
1 88 89 90 0 0 0 1
1 89 91 90 0 0 0 1
1 92 93 94 1 1 1 2
1 93 95 94 1 1 1 2
1 96 97 98 2 2 2 1
1 97 99 98 2 2 2 1
1 100 101 102 3 3 3 2
1 101 103 102 3 3 3 2
1 100 104 94 4 4 4 3
1 104 105 94 4 4 4 3
1 106 101 107 5 5 5 3
1 101 95 107 5 5 5 3

Materials: 1
"Material01"
0.200000 0.200000 0.200000 1.000000
0.800000 0.800000 0.800000 1.000000
0.000000 0.000000 0.000000 1.000000
0.000000 0.000000 0.000000 1.000000
0.000000
1.000000
".\axis.bmp"
""

Bones: 0
